467
287
417
143
132
303
147
139
801
644
726
338
139
140
515
213
541
133
949
190
208
242
217
182
180
197
349
227
124
103
106
105
124
162
162
112
107
187
164
141
161
311
176
159
193
175
210
582
142
139
138
234
149
134
136
135
132
216
213
215
202
216
216
194
169
200
404
141
331
206
268
142
148
133
135
141
147
197
219
211
325
252
189
196
190
303
184
155
159
172
191
148
137
138
138
139
501
212
218
392
311
252
188
160
166
153
162
177
604
143
143
151
150
149
176
165
152
141
145
180
108
106
109
142
110
103
101
101
106
108
139
104
108
103
103
105
103
112
111
107
103
105
101
105
105
107
104
105
106
107
130
115
104
105
107
111
106
111
111
106
109
115
115
117
122
106
108
105
107
132
152
118
117
116
114
119
112
117
130
113
115
119
117
118
116
125
121
116
117
134
124
113
122
114
120
121
122
117
119
118
128
120
131
123
122
122
125
125
121
124
129
130
131
124
124
121
112
124
125
139
121
126
123
132
107
124
169
315
121
117
163
124
108
113
160
189
286
160
164
177
214
134
128
208
430
132
372
167
138
141
287
209
132
131
197
185
159
130
131
617
407
148
134
185
193
380
148
131
234
243
313
184
132
445
315
135
133
271
271
167
367
132
132
167
210
510
284
145
176
185
193
191
149
299
185
158
235
213
152
150
151
201
185
203
160
282
146
200
275
174
198
317
205
145
108
115
249
115
113
311
145
160
111
123
113
206
198
184
218
278
186
747
180
138
220
113
153
136
154
243
205
191
220
172
234
586
253
188
142
137
144
264
131
154
249
180
218
175
200
487
139
136
143
143
222
134
195
200
212
372
213
204
512
164
146
153
167
167
146
223
212
261
218
203
168
176
390
302
267
164
137
145
151
201
239
189
220
234
271
602
351
168
162
149
147
218
200
271
212
130
118
132
98
99
173
100
100
134
110
138
102
698
168
134
202
108
164
107
110
107
105
104
107
106
106
105
108
107
107
107
108
118
120
109
110
110
108
107
110
108
111
110
116
117
124
129
126
122
123
127
123
122
118
118
118
117
117
120
119
118
120
119
124
113
126
118
122
122
121
121
121
131
122
122
119
141
143
146
141
144
139
137
120
118
126
116
121
124
124
127
127
137
139
129
131
131
125
128
134
131
130
143
131
130
134
141
137
137
130
131
138
141
138
136
134
132
