9683846
13142018
14606899
14819034
10483691
15073018
15082665
13102160
17191385
11340222
17390427
12524738
13620302
10806418
14131558
10361151
12590776
8653601
14023892
10890458
14320679
10664410
11414467
12406253
21319783
16741541
16700943
17316162
16808066
16818051
9193936
14295318
15754532
15481547
9773484
16516843
12079614
15093384
11963252
14971298
16920920
17882503
15388577
11335815
12372232
17831734
29675648
18285025
14983942
15364285
9349613
9145310
16536862
10960352
13398616
14422125
22714764
11065753
17018657
14617614
9169881
10582262
22743048
14917268
9109017
17622367
21883125
19414002
9201093
9659872
10213155
12435696
14409543
16704069
20391318
9783331
9895344
9529527
9607823
9225939
14050899
12807758
19452073
13558114
10517526
10203770
10636899
21357664
11850845
14955080
11244668
9185948
10811468
10485442
12630523
9411981
17901083
19553872
15197077
12585199
